Linux
Average: 386.758775331
Std: 406.77884139

PostgreSQL

Average: 1061.25054731
Std: 1093.08755696
